Using Python /usr/bin/python3
gr-osmosdr 0.2.0.0 (0.2.0) gnuradio 3.10.11.0
built-in source types: file fcd rtl rtl_tcp uhd miri hackrf bladerf rfspace airspy airspyhf soapy redpitaya freesrp xtrx 
Using device #0 RTLSDRBlog Blog V4 SN: 00000001
Found Rafael Micro R828D tuner
RTL-SDR Blog V4 Detected
gain: name: LNA range: start 0 stop 49 step 0
setting gain lna to 35
supported sample rates 250000-2560000 step 24000
demodulator: xlator if_rate=24000, input_rate=960000, decim=40, if taps=[193,49], resampled_rate=24000, sps=5
op25_audio::open_socket(): enabled udp host(127.0.0.1), wireshark(23456), audio(23456)
p25_frame_assembler_impl: do_imbe[1], do_output[0], do_audio_output[1], do_phase2_tdma[1], do_nocrypt[0]
04/01/25 10:15:47.749527 Reading whitelist file
04/01/25 10:15:47.749960 added talkgroup 46949 from /tmp/_whitelist_Fire_Scan.tsv
04/01/25 10:15:47.750154 added talkgroup 47021 from /tmp/_whitelist_Fire_Scan.tsv
04/01/25 10:15:47.750265 added talkgroup 46940 from /tmp/_whitelist_Fire_Scan.tsv
04/01/25 10:15:47.750363 added talkgroup 46800 from /tmp/_whitelist_Fire_Scan.tsv
04/01/25 10:15:47.750468 added talkgroup 46801 from /tmp/_whitelist_Fire_Scan.tsv
04/01/25 10:15:47.750565 added talkgroup 46802 from /tmp/_whitelist_Fire_Scan.tsv
04/01/25 10:15:47.750673 added talkgroup 46803 from /tmp/_whitelist_Fire_Scan.tsv
04/01/25 10:15:47.750763 added talkgroup 46804 from /tmp/_whitelist_Fire_Scan.tsv
04/01/25 10:15:47.750883 added talkgroup 46805 from /tmp/_whitelist_Fire_Scan.tsv
04/01/25 10:15:47.751063 added talkgroup 46806 from /tmp/_whitelist_Fire_Scan.tsv
04/01/25 10:15:47.751170 added talkgroup 46807 from /tmp/_whitelist_Fire_Scan.tsv
04/01/25 10:15:47.751267 added talkgroup 46808 from /tmp/_whitelist_Fire_Scan.tsv
04/01/25 10:15:47.751357 added talkgroup 46809 from /tmp/_whitelist_Fire_Scan.tsv
04/01/25 10:15:47.751446 added talkgroup 46810 from /tmp/_whitelist_Fire_Scan.tsv
04/01/25 10:15:47.751538 added talkgroup 46811 from /tmp/_whitelist_Fire_Scan.tsv
04/01/25 10:15:47.751627 added talkgroup 46812 from /tmp/_whitelist_Fire_Scan.tsv
04/01/25 10:15:47.751718 added talkgroup 46813 from /tmp/_whitelist_Fire_Scan.tsv
04/01/25 10:15:47.751806 added talkgroup 46814 from /tmp/_whitelist_Fire_Scan.tsv
04/01/25 10:15:47.751894 added talkgroup 46815 from /tmp/_whitelist_Fire_Scan.tsv
04/01/25 10:15:47.752008 added talkgroup 46816 from /tmp/_whitelist_Fire_Scan.tsv
04/01/25 10:15:47.752118 added talkgroup 46817 from /tmp/_whitelist_Fire_Scan.tsv
04/01/25 10:15:47.752213 added talkgroup 46818 from /tmp/_whitelist_Fire_Scan.tsv
04/01/25 10:15:47.752301 added talkgroup 46819 from /tmp/_whitelist_Fire_Scan.tsv
04/01/25 10:15:47.752389 added talkgroup 46820 from /tmp/_whitelist_Fire_Scan.tsv
04/01/25 10:15:47.752476 added talkgroup 46821 from /tmp/_whitelist_Fire_Scan.tsv
04/01/25 10:15:47.752568 added talkgroup 46822 from /tmp/_whitelist_Fire_Scan.tsv
04/01/25 10:15:47.752662 added talkgroup 46823 from /tmp/_whitelist_Fire_Scan.tsv
04/01/25 10:15:47.752752 added talkgroup 46824 from /tmp/_whitelist_Fire_Scan.tsv
04/01/25 10:15:47.752841 added talkgroup 46825 from /tmp/_whitelist_Fire_Scan.tsv
04/01/25 10:15:47.752929 added talkgroup 46826 from /tmp/_whitelist_Fire_Scan.tsv
04/01/25 10:15:47.753062 added talkgroup 46827 from /tmp/_whitelist_Fire_Scan.tsv
04/01/25 10:15:47.753155 added talkgroup 46828 from /tmp/_whitelist_Fire_Scan.tsv
04/01/25 10:15:47.753243 added talkgroup 46829 from /tmp/_whitelist_Fire_Scan.tsv
04/01/25 10:15:47.753331 added talkgroup 46830 from /tmp/_whitelist_Fire_Scan.tsv
04/01/25 10:15:47.753418 added talkgroup 46831 from /tmp/_whitelist_Fire_Scan.tsv
04/01/25 10:15:47.753501 added talkgroup 46832 from /tmp/_whitelist_Fire_Scan.tsv
04/01/25 10:15:47.753586 added talkgroup 46833 from /tmp/_whitelist_Fire_Scan.tsv
04/01/25 10:15:47.753672 added talkgroup 46834 from /tmp/_whitelist_Fire_Scan.tsv
04/01/25 10:15:47.753758 added talkgroup 46835 from /tmp/_whitelist_Fire_Scan.tsv
04/01/25 10:15:47.753845 added talkgroup 46836 from /tmp/_whitelist_Fire_Scan.tsv
04/01/25 10:15:47.753931 added talkgroup 46837 from /tmp/_whitelist_Fire_Scan.tsv
04/01/25 10:15:47.754186 added talkgroup 46838 from /tmp/_whitelist_Fire_Scan.tsv
04/01/25 10:15:47.754427 Reading blacklist file
04/01/25 10:15:47.754725 added talkgroup 1234 from /tmp/_blacklist_Fire_Scan.tsv
metadata update not enabled
using ALSA sound system
audio device: default
Listening on 127.0.0.1:23456
python version detected: 3.12.7 (main, Feb  4 2025, 14:46:03) [GCC 14.2.0]
Allocating 15 zero-copy buffers
04/01/25 10:15:51.338647 control channel timeout
04/01/25 10:15:52.423223 control channel timeout
04/01/25 10:15:53.517408 control channel timeout
04/01/25 10:15:54.601252 control channel timeout
04/01/25 10:15:55.700991 control channel timeout
04/01/25 10:15:56.790757 control channel timeout
04/01/25 10:15:57.879242 control channel timeout
04/01/25 10:15:58.970495 control channel timeout
04/01/25 10:16:00.065824 control channel timeout
04/01/25 10:16:01.161036 control channel timeout
04/01/25 10:16:02.255047 control channel timeout
04/01/25 10:16:03.338834 control channel timeout
04/01/25 10:16:04.437558 control channel timeout
04/01/25 10:16:05.524101 control channel timeout
04/01/25 10:16:06.617211 control channel timeout
04/01/25 10:16:07.711380 control channel timeout
04/01/25 10:16:08.806672 control channel timeout
04/01/25 10:16:09.901088 control channel timeout
04/01/25 10:16:10.994963 control channel timeout
04/01/25 10:16:12.082583 control channel timeout
04/01/25 10:16:13.177888 control channel timeout
04/01/25 10:16:14.272046 control channel timeout
04/01/25 10:16:15.356030 control channel timeout
04/01/25 10:16:16.449975 control channel timeout
04/01/25 10:16:17.546137 control channel timeout
04/01/25 10:16:18.636450 control channel timeout
04/01/25 10:16:19.725850 control channel timeout
04/01/25 10:16:20.824116 control channel timeout
04/01/25 10:16:21.912837 control channel timeout
04/01/25 10:16:23.011678 control channel timeout
04/01/25 10:16:24.101759 control channel timeout
04/01/25 10:16:25.187832 control channel timeout
04/01/25 10:16:26.286249 control channel timeout
04/01/25 10:16:27.376517 control channel timeout
04/01/25 10:16:28.472813 control channel timeout
04/01/25 10:16:29.565194 control channel timeout
04/01/25 10:16:30.655217 control channel timeout
04/01/25 10:16:31.748511 control channel timeout
04/01/25 10:16:32.836453 control channel timeout
04/01/25 10:16:33.931695 control channel timeout
04/01/25 10:16:35.027542 control channel timeout
04/01/25 10:16:36.123564 control channel timeout
04/01/25 10:16:37.213045 control channel timeout
04/01/25 10:16:38.297807 control channel timeout
04/01/25 10:16:39.392789 control channel timeout
04/01/25 10:16:40.487798 control channel timeout
04/01/25 10:16:41.573653 control channel timeout
04/01/25 10:16:42.671396 control channel timeout
04/01/25 10:16:43.769167 control channel timeout
04/01/25 10:16:44.858339 control channel timeout
04/01/25 10:16:45.953141 control channel timeout
04/01/25 10:16:47.042969 control channel timeout
04/01/25 10:16:48.133668 control channel timeout
04/01/25 10:16:49.228887 control channel timeout
04/01/25 10:16:50.320176 control channel timeout
04/01/25 10:16:51.412696 control channel timeout
04/01/25 10:16:52.509856 control channel timeout
04/01/25 10:16:53.595770 control channel timeout
04/01/25 10:16:54.686920 control channel timeout
04/01/25 10:16:55.777666 control channel timeout
04/01/25 10:16:56.877430 control channel timeout
04/01/25 10:16:57.964770 control channel timeout
04/01/25 10:16:58.960380 control channel timeout
04/01/25 10:17:00.016084 control channel timeout
04/01/25 10:17:01.107375 control channel timeout
04/01/25 10:17:02.194858 control channel timeout
04/01/25 10:17:03.298595 control channel timeout
04/01/25 10:17:04.386917 control channel timeout
04/01/25 10:17:05.471757 control channel timeout
04/01/25 10:17:06.566647 control channel timeout
04/01/25 10:17:07.660914 control channel timeout
04/01/25 10:17:08.755313 control channel timeout
04/01/25 10:17:09.847148 control channel timeout
04/01/25 10:17:10.946750 control channel timeout
04/01/25 10:17:12.024053 control channel timeout
04/01/25 10:17:13.126692 control channel timeout
04/01/25 10:17:14.222595 control channel timeout
04/01/25 10:17:15.304335 control channel timeout
04/01/25 10:17:16.405428 control channel timeout
04/01/25 10:17:17.500143 control channel timeout
04/01/25 10:17:18.584783 control channel timeout
04/01/25 10:17:19.671193 control channel timeout
04/01/25 10:17:20.777392 control channel timeout
04/01/25 10:17:21.773484 control channel timeout
04/01/25 10:17:22.809356 control channel timeout
04/01/25 10:17:23.908145 control channel timeout
04/01/25 10:17:24.909198 control channel timeout
04/01/25 10:17:25.962144 control channel timeout
04/01/25 10:17:27.042799 control channel timeout
04/01/25 10:17:28.045254 control channel timeout
04/01/25 10:17:29.092439 control channel timeout
04/01/25 10:17:30.186364 control channel timeout
